1 1
2 1
3 1
4 2
5 2
6 3
7 3
8 4
9 4
10 5
11 5
12 6
13 6
14 6
15 7
16 7
17 8
18 8
19 9
20 9
21 10
22 10
23 11
24 11
25 12
26 12
27 13
28 13
29 13
30 14
31 14
32 15
33 15
34 16
35 16
36 17
37 17
38 18
39 18
40 19
41 19
42 20
43 20
44 21
45 21
46 21
47 22
48 22
49 23
50 23
51 24
52 24
53 25
54 25
55 26
56 26
57 27
58 27
59 28
60 28
61 28
62 29
63 29
64 30
65 30
66 31
67 31
68 32
69 32
70 33
71 33
72 34
73 34
74 35
75 35
76 35
77 36
78 36
79 37
80 37
81 38
82 38
83 39
84 39
85 40
86 40
87 41
88 41
89 42
90 42
91 42
92 43
93 43
94 44
95 44
96 45
97 45
98 46
99 46
100 47
101 47
102 48
103 48
104 49
105 49
106 50
107 50
108 50
109 51
110 51
111 52
112 52
113 53
114 53
115 54
116 54
117 55
118 55
119 56
120 56
121 57
122 57
123 57
124 58
125 58
126 59
127 59
128 60
129 60
130 61
131 61
132 62
133 62
134 63
135 63
136 64
137 64
138 64
139 65
140 65
141 66
142 66
143 67
144 67
145 68
146 68
147 69
148 69
149 70
150 70
151 71
152 71
153 71
154 72
155 72
156 73
157 73
158 74
159 74
160 75
161 75
162 76
163 76
164 77
165 77
166 78
167 78
168 78
169 79
170 79
171 80
172 80
173 81
174 81
175 82
176 82
177 83
178 83
179 84
180 84
181 85
182 85
183 85
184 86
185 86
186 87
187 87
188 88
189 88
190 89
191 89
192 90
193 90
194 91
195 91
196 92
197 92
198 92
199 93
200 93
201 94
202 94
203 95
204 95
205 96
206 96
207 97
208 97
209 98
210 98
211 99
212 99
