1 -1
2 0
3 0
4 0
5 0
6 0
7 0
8 0
9 0
10 0
11 0
12 0
13 0
14 1
15 0
16 1
17 0
18 1
19 0
20 1
21 0
22 1
23 0
24 1
25 0
26 1
27 0
28 1
29 1
30 1
31 1
32 1
33 1
34 1
35 1
36 1
37 1
38 1
39 1
40 1
41 1
42 1
43 1
44 1
45 1
46 2
47 1
48 2
49 1
50 2
51 1
52 2
53 1
54 2
55 1
56 2
57 1
58 2
59 1
60 2
61 2
62 2
63 2
64 2
65 2
66 2
67 2
68 2
69 2
70 2
71 2
72 2
73 2
74 2
75 2
76 3
77 2
78 3
79 2
80 3
81 2
82 3
83 2
84 3
85 2
86 3
87 2
88 3
89 2
90 3
91 3
92 3
93 3
94 3
95 3
96 3
97 3
98 3
99 3
100 3
101 3
102 3
103 3
104 3
105 3
106 3
107 3
108 4
109 3
110 4
111 3
112 4
113 3
114 4
115 3
116 4
117 3
118 4
119 3
120 4
121 3
122 4
123 4
124 4
125 4
126 4
127 4
128 4
129 4
130 4
131 4
132 4
133 4
134 4
135 4
136 4
137 4
138 5
139 4
140 5
141 4
142 5
143 4
144 5
145 4
146 5
147 4
148 5
149 4
150 5
151 4
152 5
153 5
154 5
155 5
156 5
157 5
158 5
159 5
160 5
161 5
162 5
163 5
164 5
165 5
166 5
167 5
168 6
169 5
170 6
171 5
172 6
173 5
174 6
175 5
176 6
177 5
178 6
179 5
180 6
181 5
182 6
183 6
184 6
185 6
186 6
187 6
188 6
189 6
190 6
191 6
192 6
193 6
194 6
195 6
196 6
197 6
198 7
199 6
200 7
201 6
202 7
203 6
204 7
205 6
206 7
207 6
208 7
209 6
210 7
211 6
212 7
