1 1
2 3
3 6
4 7
5 7
6 9
7 15
8 18
9 21
10 21
11 27
12 31
13 36
14 42
15 42
16 47
17 54
18 62
19 70
20 70
21 77
22 85
23 95
24 105
25 109
26 117
27 126
28 136
29 147
30 155
31 166
32 176
33 187
34 199
35 210
36 222
37 235
38 247
39 260
40 274
41 287
42 301
43 316
44 330
45 345
46 361
47 376
48 392
49 409
50 425
51 442
52 460
53 477
54 495
55 514
56 532
57 551
58 571
59 590
60 610
61 631
62 651
63 672
64 694
65 715
66 737
67 760
68 782
69 805
70 829
71 852
72 876
73 901
74 925
75 950
76 976
77 1001
78 1027
79 1054
80 1080
81 1107
82 1135
83 1162
84 1190
85 1219
86 1247
87 1276
88 1306
89 1335
90 1365
91 1396
92 1426
93 1457
94 1489
95 1520
96 1552
97 1585
98 1617
99 1650
100 1684
101 1717
102 1751
103 1786
104 1820
105 1855
106 1891
107 1926
108 1962
109 1999
110 2035
111 2072
112 2110
113 2147
114 2185
115 2224
116 2262
117 2301
118 2341
119 2380
120 2420
121 2461
122 2501
123 2542
124 2584
125 2625
126 2667
127 2710
128 2752
129 2795
130 2839
131 2882
132 2926
133 2971
134 3015
135 3060
136 3106
137 3151
138 3197
139 3244
140 3290
141 3337
142 3385
143 3432
144 3480
145 3529
146 3577
147 3626
148 3676
149 3725
150 3775
151 3826
152 3876
153 3927
154 3979
155 4030
156 4082
157 4135
158 4187
159 4240
160 4294
161 4347
162 4401
163 4456
164 4510
165 4565
166 4621
167 4676
168 4732
169 4789
170 4845
171 4902
172 4960
173 5017
174 5075
175 5134
176 5192
177 5251
178 5311
179 5370
180 5430
181 5491
182 5551
183 5612
184 5674
185 5735
186 5797
187 5860
188 5922
189 5985
190 6049
191 6112
192 6176
193 6241
194 6305
195 6370
196 6436
197 6501
198 6567
199 6634
200 6700
201 6767
202 6835
203 6902
204 6970
205 7039
206 7107
207 7176
208 7246
209 7315
210 7385
211 7456
212 7526
213 7597
214 7669
215 7740
216 7812
217 7885
218 7957
219 8030
