1 0
2 1
3 1
4 2
5 4
6 4
7 4
8 5
9 6
10 7
11 8
12 9
13 10
14 10
15 11
16 12
17 13
18 13
19 14
20 15
21 16
22 17
23 18
24 18
25 19
26 20
27 21
28 21
29 22
30 23
31 24
32 25
33 26
34 26
35 27
36 28
37 29
38 29
39 30
40 31
41 32
42 33
43 33
44 34
45 35
46 36
47 36
48 37
49 38
50 39
51 40
52 40
53 41
54 42
55 43
56 44
57 44
58 45
59 46
60 47
61 48
62 48
63 49
64 50
65 51
66 51
67 52
68 53
69 54
70 55
71 55
72 56
73 57
74 58
75 59
76 59
77 60
78 61
79 62
80 63
81 63
82 64
83 65
84 66
85 66
86 67
87 68
88 69
89 70
90 70
91 71
92 72
